1 180 40 0.1 0.55 Horizontal 0 2.70 24.10 0.01 
2 200 40 0.1 0.55 Horizontal 90 3.13 30.71 0.01 
3 180 80 0.1 0.55 Horizontal 90 2.53 27.42 0.01 
4 200 80 0.1 0.55 Horizontal 0 3.07 30.64 0.01 
5 180 40 0.3 0.55 Horizontal 90 3.34 37.85 0.01 
6 200 40 0.3 0.55 Horizontal 0 3.34 34.10 0.01 
7 180 80 0.3 0.55 Horizontal 0 2.47 25.06 0.01 
8 200 80 0.3 0.55 Horizontal 90 2.82 32.25 0.01 
9 180 40 0.1 0.75 Horizontal 90 3.28 42.33 0.01 
10 200 40 0.1 0.75 Horizontal 0 3.17 42.70 0.02 
11 180 80 0.1 0.75 Horizontal 0 2.90 45.98 0.02 
12 200 80 0.1 0.75 Horizontal 90 3.07 53.49 0.03 
13 180 40 0.3 0.75 Horizontal 0 3.31 42.74 0.01 
14 200 40 0.3 0.75 Horizontal 90 3.08 42.57 0.02 
15 180 80 0.3 0.75 Horizontal 90 3.40 55.63 0.03 
16 200 80 0.3 0.75 Horizontal 0 3.60 48.41 0.02 
17 180 40 0.1 0.55 Vertical 90 2.29 32.06 0.02 
18 200 40 0.1 0.55 Vertical 0 3.39 39.56 0.02 
19 180 80 0.1 0.55 Vertical 0 2.49 31.36 0.01 
20 200 80 0.1 0.55 Vertical 90 3.23 43.15 0.02 
21 180 40 0.3 0.55 Vertical 0 2.88 37.01 0.02 
22 200 40 0.3 0.55 Vertical 90 2.95 38.03 0.02 
23 180 80 0.3 0.55 Vertical 90 2.38 34.89 0.02 
24 200 80 0.3 0.55 Vertical 0 2.84 35.53 0.02 
25 180 40 0.1 0.75 Vertical 0 3.14 45.46 0.02 
26 200 40 0.1 0.75 Vertical 90 3.65 55.94 0.05 
27 180 80 0.1 0.75 Vertical 90 2.88 40.19 0.02 
28 200 80 0.1 0.75 Vertical 0 2.89 37.14 0.02 
29 180 40 0.3 0.75 Vertical 90 3.06 43.49 0.02 
30 200 40 0.3 0.75 Vertical 0 3.27 53.64 0.02 
31 180 80 0.3 0.75 Vertical 0 3.38 42.96 0.02 
32 200 80 0.3 0.75 Vertical 90 3.02 42.54 0.02 
33 180 40 0.1 0.55 Horizontal 0 2.64 18.69 0.01 
34 200 40 0.1 0.55 Horizontal 90 3.00 18.77 0.01 
35 180 80 0.1 0.55 Horizontal 90 3.24 18.17 0.01 
36 200 80 0.1 0.55 Horizontal 0 2.94 20.65 0.01 
37 180 40 0.3 0.55 Horizontal 90 2.43 17.58 0.01 
38 200 40 0.3 0.55 Horizontal 0 3.04 21.80 0.01 
39 180 80 0.3 0.55 Horizontal 0 3.27 20.77 0.01 
40 200 80 0.3 0.55 Horizontal 90 3.20 23.84 0.01 
41 180 40 0.1 0.75 Horizontal 90 3.52 50.57 0.02 
42 200 40 0.1 0.75 Horizontal 0 3.12 33.42 0.01 
43 180 80 0.1 0.75 Horizontal 0 3.14 38.00 0.01 
44 200 80 0.1 0.75 Horizontal 90 3.14 45.55 0.02 
45 180 40 0.3 0.75 Horizontal 0 3.56 48.15 0.02 
46 200 40 0.3 0.75 Horizontal 90 3.62 55.75 0.02 
47 180 80 0.3 0.75 Horizontal 90 3.64 56.47 0.02 
48 200 80 0.3 0.75 Horizontal 0 3.44 55.49 0.02 
49 180 40 0.1 0.55 Vertical 90 2.12 20.73 0.01 
50 200 40 0.1 0.55 Vertical 0 3.83 20.31 0.01 
51 180 80 0.1 0.55 Vertical 0 3.53 30.76 0.01 
52 200 80 0.1 0.55 Vertical 90 1.86 12.04 0.01 
53 180 40 0.3 0.55 Vertical 0 2.23 27.14 0.01 
54 200 40 0.3 0.55 Vertical 90 1.39 9.60 0.01 
55 180 80 0.3 0.55 Vertical 90 1.92 18.90 0.01 
56 200 80 0.3 0.55 Vertical 0 2.84 27.87 0.01 
57 180 40 0.1 0.75 Vertical 0 2.59 28.99 0.01 
58 200 40 0.1 0.75 Vertical 90 2.40 20.93 0.01 
59 180 80 0.1 0.75 Vertical 90 1.86 16.94 0.01 
60 200 80 0.1 0.75 Vertical 0 1.68 14.05 0.01 
61 180 40 0.3 0.75 Vertical 90 2.54 26.24 0.01 
62 200 40 0.3 0.75 Vertical 0 2.57 34.97 0.04 
63 180 80 0.3 0.75 Vertical 0 2.92 42.06 0.02 
64 200 80 0.3 0.75 Vertical 90 2.70 36.81 0.02